0.0	0.2	1608.0790303838344
0.0	0.30000000000000004	1610.9344125790153
0.0	0.0	1606.1137333338993
0.0	0.4	1614.7540121932916
0.0	0.1	1606.445535950704
0.0	0.7000000000000001	1626.621562344509
0.0	0.5	1618.9354841729591
0.0	1.0	1635.6813369970046
0.0	0.9	1632.947750415709
0.0	0.6000000000000001	1622.9508084829276
0.0	1.1	1638.1787871148008
0.0	0.8	1629.941553988724
0.0	1.2000000000000002	1640.4707450936842
0.0	1.3	1642.582710141097
0.0	1.7000000000000002	1649.6096581452505
0.0	1.6	1648.0353516988048
0.0	1.4000000000000001	1644.535975748156
0.0	1.9000000000000001	1652.4638087690773
0.0	1.5	1646.3484567454086
0.0	1.8	1651.082573465889
0.0	2.2	1656.137121174245
0.0	2.0	1653.761836785446
0.0	2.5	1659.235778565932
0.0	2.4000000000000004	1658.258083127678
0.0	2.1	1654.9840900854974
0.0	2.7	1661.0462870485208
0.0	2.3000000000000003	1657.226732261738
0.0	3.0	1663.4502271449285
0.0	2.9000000000000004	1662.6865493118003
0.0	2.6	1660.1639444354223
0.1	0.0	1601.871908429867
0.0	2.8000000000000003	1661.8861485180803
0.1	0.2	1604.1672796464486
0.1	0.1	1602.415071439722
0.1	0.4	1610.9535224428128
0.1	0.30000000000000004	1607.087045988674
0.1	0.6000000000000001	1619.239725942825
0.1	0.5	1615.1792066599526
0.1	0.8	1626.3397523135432
0.1	0.7000000000000001	1622.9616618597443
0.1	1.0	1632.2104298053544
0.1	0.9	1629.4095557384674
0.1	1.1	1634.7772569700346
0.1	1.4000000000000001	1641.344366349361
0.1	1.2000000000000002	1637.1394506506292
0.1	1.3	1639.3216053723486
0.1	1.7000000000000002	1646.6185164630142
0.1	1.5	1643.225195418108
0.1	1.9000000000000001	1649.5976815711954
0.1	1.6	1644.9789811194555
0.1	2.2	1653.4443697036172
0.1	1.8	1648.1548703100043
0.1	2.3000000000000003	1654.5880451751027
0.1	2.0	1650.9553915035747
0.1	2.1	1652.2354305789954
0.1	2.4000000000000004	1655.6716609027628
0.1	2.7	1658.6063961634063
0.1	2.5	1656.6998731961685
0.1	2.6	1657.6768630887739
0.1	3.0	1661.1426992778518
0.1	2.8000000000000003	1659.4918732683502
0.2	0.2	1600.4988671281783
0.2	0.1	1598.6574438219752
0.1	2.9000000000000004	1660.33637513006
0.2	0.0	1597.941877276254
0.2	0.5	1611.6023152313135
0.2	0.4	1607.350277067978
0.2	0.7000000000000001	1619.4538907011233
0.2	0.30000000000000004	1603.4583448777785
0.2	0.8	1622.8790381937936
0.2	0.6000000000000001	1615.693308607259
0.2	1.0	1628.861762699308
0.2	0.9	1626.0025486172763
0.2	1.2000000000000002	1633.9148899301542
0.2	1.1	1631.489847146973
0.2	1.5	1640.1901602839098
0.2	1.3	1636.16050031823
0.2	1.8	1645.3011547891224
0.2	1.7000000000000002	1643.705714525004
0.2	1.4000000000000001	1638.246607873383
0.2	1.6	1642.0056826004277
0.2	1.9000000000000001	1646.801532714615
0.2	2.2	1650.8113051418068
0.2	2.0	1648.2152238883484
0.2	2.4000000000000004	1653.1392545362357
0.2	2.1	1649.549626668044
0.2	2.6	1655.2388862144478
0.2	2.7	1656.2133980036842
0.2	2.3000000000000003	1652.006105268154
0.2	2.8000000000000003	1657.1424235786649
0.2	2.5	1654.2154415062155
0.2	2.9000000000000004	1658.0290916175866
0.2	3.0	1658.8762479379288
0.30000000000000004	0.2	1597.0569584924874
0.30000000000000004	0.0	1594.297158623733
0.30000000000000004	0.1	1595.1517121568534
0.30000000000000004	0.30000000000000004	1600.0347260917886
0.30000000000000004	0.6000000000000001	1612.3046068408255
0.30000000000000004	0.7000000000000001	1616.0924723231408
0.30000000000000004	0.4	1603.9334214300666
0.30000000000000004	0.5	1608.1962084159907
0.30000000000000004	1.1	1628.3133170689507
0.30000000000000004	0.9	1622.7224966897068
0.30000000000000004	0.8	1619.5545035819182
0.30000000000000004	1.3	1633.0968490793823
0.30000000000000004	1.0	1625.631646571157
0.30000000000000004	1.6	1639.1136198281822
0.30000000000000004	1.2000000000000002	1630.794197521709
0.30000000000000004	1.4000000000000001	1635.240426999654
0.30000000000000004	1.8	1642.5199236461226
0.30000000000000004	1.5	1637.2413126902588
0.30000000000000004	1.7000000000000002	1640.8695936832266
0.30000000000000004	2.1	1646.92553841258
0.30000000000000004	1.9000000000000001	1644.0739945219761
0.30000000000000004	2.0	1645.5400865572315
0.30000000000000004	2.4000000000000004	1650.6599788313736
0.30000000000000004	2.5	1651.7816662926057
0.30000000000000004	2.2	1648.2368821507127
0.30000000000000004	2.7	1653.8665919021903
0.30000000000000004	2.3000000000000003	1649.4799520357503
0.30000000000000004	3.0	1656.6503095326036
0.30000000000000004	2.6	1652.8492582133167
0.30000000000000004	2.8000000000000003	1654.837148839497
0.4	0.1	1591.8786975530863
0.30000000000000004	2.9000000000000004	1655.764093365243
0.4	0.30000000000000004	1596.8034749255785
0.4	0.0	1591.8119260451354
0.4	0.2	1593.825980830477
0.4	0.4	1600.6926755547536
0.4	0.7000000000000001	1612.871816076326
0.4	0.8	1616.3613732467054
0.4	0.5	1604.952677253228
0.4	0.6000000000000001	1609.0669387501484
0.4	0.9	1619.565263764613
0.4	1.0	1622.5164647911433
0.4	1.3	1630.1281377175878
0.4	1.1	1625.2444808247535
0.4	1.2000000000000002	1627.774550882227
0.4	1.6	1636.3009737227
0.4	1.7000000000000002	1638.1085081899844
0.4	1.4000000000000001	1632.3235752064966
0.4	1.8	1639.809683326118
0.4	1.5	1634.3766333049366
0.4	1.9000000000000001	1641.413708312891
0.4	2.1	1644.362030959429
0.4	2.3000000000000003	1647.008627690205
0.4	2.4000000000000004	1648.2329515431188
0.4	2.0	1642.92873944386
0.4	2.2	1645.720059596297
0.4	2.8000000000000003	1652.5753994531517
0.4	2.7	1651.565279065985
0.4	2.6	1650.5072244558473
0.4	2.9000000000000004	1653.5407757197008
0.4	2.5	1649.3977332519314
0.5	0.1	1588.820828605742
0.4	3.0	1654.4643201583683
0.5	0.4	1597.6182908185613
0.5	0.30000000000000004	1593.752698016521
0.5	0.0	1592.1469747550896
0.5	0.5	1601.8638633088
0.5	0.2	1590.7915351649851
0.5	0.6000000000000001	1605.9738597516705
0.5	0.9	1616.5268027181266
0.5	0.7000000000000001	1609.7864970737528
0.5	0.8	1613.2949916507314
0.5	1.2000000000000002	1624.8531673942584
0.5	1.0	1619.5126674452927
0.5	1.1	1622.2802038988632
0.5	1.5	1631.5941234493891
0.5	1.4000000000000001	1629.4938295396014
0.5	1.3	1627.2518847561323
0.5	1.6	1633.5659403771795
0.5	1.9000000000000001	1638.8193236512523
0.5	1.7000000000000002	1635.4208253100105
0.5	2.2	1643.259800999612
0.5	2.1	1641.8579750452316
0.5	1.8	1637.1689512990574
0.5	2.3000000000000003	1644.5911794147082
0.5	2.0	1640.3799495649705
0.5	2.5	1647.0628295527529
0.5	2.4000000000000004	1645.857293796669
0.5	2.6	1648.2120331319106
0.5	2.9000000000000004	1651.3585357337183
0.5	2.7	1649.3087616832458
0.5	3.0	1652.3177178085616
0.5	2.8000000000000003	1650.3565274957696
0.6000000000000001	0.1	1585.9619966878972
0.6000000000000001	0.0	1592.097270793127
0.6000000000000001	0.30000000000000004	1590.8712801953527
0.6000000000000001	0.2	1587.9403096036408
0.6000000000000001	0.5	1598.9222247146515
0.6000000000000001	0.4	1594.7010137185725
0.6000000000000001	0.6000000000000001	1603.0191363500332
0.6000000000000001	0.7000000000000001	1606.8312394100794
0.6000000000000001	0.8	1610.3508126422973
0.6000000000000001	1.1	1619.4174011764583
0.6000000000000001	0.9	1613.603149067735
0.6000000000000001	1.3	1624.4656386506103
0.6000000000000001	1.0	1616.6167681318984
0.6000000000000001	1.5	1628.8918045712483
0.6000000000000001	1.2000000000000002	1622.0273030714936
0.6000000000000001	1.4000000000000001	1626.748991611656
0.6000000000000001	1.7000000000000002	1632.80492583407
0.6000000000000001	1.9000000000000001	1636.2894993704776
0.6000000000000001	2.0	1637.8924910070245
0.6000000000000001	1.6	1630.9067326220284
0.6000000000000001	1.8	1634.5962557174378
0.6000000000000001	2.4000000000000004	1643.5321297608898
0.6000000000000001	2.2	1640.8550755128836
0.6000000000000001	2.6	1645.9629353315531
0.6000000000000001	2.5	1644.7761465839008
0.6000000000000001	2.1	1639.4122477131834
0.6000000000000001	2.3000000000000003	1642.2266575397489
0.6000000000000001	2.9000000000000004	1649.216771532283
0.6000000000000001	2.7	1647.096344756766
0.7000000000000001	0.0	1593.6071499319964
0.6000000000000001	2.8000000000000003	1648.179886508068
0.6000000000000001	3.0	1650.2099410489318
0.7000000000000001	0.30000000000000004	1588.148847735979
0.7000000000000001	0.1	1583.2874219780956
0.7000000000000001	0.5	1596.1205088722547
0.7000000000000001	0.2	1585.2599988120617
0.7000000000000001	0.4	1591.9320583220617
0.7000000000000001	0.9	1610.7904150208067
0.7000000000000001	0.8	1607.5243911381308
0.7000000000000001	0.6000000000000001	1600.1967271925653
0.7000000000000001	0.7000000000000001	1604.0009031140578
0.7000000000000001	1.3	1621.766978406124
0.7000000000000001	1.1	1616.653034999314
0.7000000000000001	1.0	1613.8253403520055
0.7000000000000001	1.5	1626.2677171218968
0.7000000000000001	1.2000000000000002	1619.2942516392795
0.7000000000000001	1.4000000000000001	1624.0868874439434
0.7000000000000001	1.8	1632.0901357792068
0.7000000000000001	1.6	1628.3215791744562
0.7000000000000001	2.1	1637.023732667066
0.7000000000000001	1.7000000000000002	1630.259203214604
0.7000000000000001	1.9000000000000001	1633.8229029053884
0.7000000000000001	2.3000000000000003	1639.9141177554945
0.7000000000000001	2.0	1635.4651454478328
0.7000000000000001	2.2	1638.5048572072521
0.7000000000000001	2.6	1643.7591836746465
0.7000000000000001	2.4000000000000004	1641.2565880341174
0.7000000000000001	2.9000000000000004	1647.114882857706
0.7000000000000001	2.8000000000000003	1646.0448322273096
0.7000000000000001	2.5	1642.5368779491444
0.7000000000000001	3.0	1648.1404301240564
0.7000000000000001	2.7	1644.927334789713
0.8	0.0	1603.9794441933823
0.8	0.4	1589.3030856466753
0.8	0.30000000000000004	1585.5757330575889
0.8	0.2	1582.7392237940505
0.8	0.6000000000000001	1597.5007668344285
0.8	0.1	1581.0319397898404
0.8	0.9	1608.0847876653127
0.8	0.8	1604.8113777113326
0.8	0.5	1593.451732940283
0.8	1.1	1613.984113400054
0.8	0.7000000000000001	1601.2904747037053
0.8	1.0	1611.135015651844
0.8	1.4000000000000001	1621.5053672836195
0.8	1.2000000000000002	1616.651343773391
0.8	1.7000000000000002	1627.7820648523746
0.8	1.6	1625.8087254332247
0.8	1.3	1619.1535129509998
0.8	1.5	1623.7199223182702
0.8	2.1	1634.6913193800533
0.8	2.0	1633.0967028680336
0.8	1.9000000000000001	1631.4182117171376
0.8	2.2	1636.208125217818
0.8	1.8	1629.6491420128941
0.8	2.3000000000000003	1637.6526197154606
0.8	2.7	1642.8010413509876
0.8	2.5	1640.3442208494691
0.8	2.4000000000000004	1639.0298008069317
0.8	2.9000000000000004	1645.0522712648228
0.8	2.6	1641.6000345284544
0.9	0.1	1579.3136594925488
0.9	0.0	1620.9334977029866
0.8	2.8000000000000003	1643.950722044153
0.9	0.30000000000000004	1583.142940340148
0.8	3.0	1646.1086264972055
0.9	0.5	1590.90917062902
0.9	0.2	1580.3674551114168
0.9	0.4	1586.8061891878413
0.9	0.9	1605.4825246280066
0.9	0.8	1602.2075138807606
0.9	0.6000000000000001	1594.9255570988166
0.9	1.0	1608.5424828994544
0.9	0.7000000000000001	1598.695060147433
0.9	1.2000000000000002	1614.095946917748
0.9	1.1	1611.407690418208
0.9	1.3	1616.6228811911158
0.9	1.4000000000000001	1619.002306181189
0.9	1.5	1621.2465013292933
0.9	1.8	1627.2718364766695
0.9	1.6	1623.3664335658038
0.9	1.7000000000000002	1625.3719326456003
0.9	2.1	1632.4139052147152
0.9	1.9000000000000001	1629.0741125858551
0.9	2.0	1630.7859613295593
0.9	2.4000000000000004	1636.8509040460492
0.9	2.2	1633.96386546176
0.9	2.7	1640.7167761438664
0.9	2.6	1639.484746745193
0.9	2.3000000000000003	1635.4412283972006
0.9	2.5	1638.1973762248804
0.9	2.8000000000000003	1641.8969158888676
0.9	2.9000000000000004	1643.0283403988703
1.0	0.1	1577.7132533751117
0.9	3.0	1644.1139735617246
1.0	0.0	1637.7591213142061
1.0	0.4	1584.4338856498966
1.0	0.5	1588.48634474498
1.0	0.2	1578.1349393409014
1.0	0.7000000000000001	1596.2098814187184
1.0	0.30000000000000004	1580.842112056354
1.0	0.6000000000000001	1592.4655606743875
1.0	1.0	1606.0444868354125
1.0	0.8	1599.7086304211398
1.0	1.2000000000000002	1611.6254656022443
1.0	0.9	1602.9799546976833
1.0	1.1	1608.9208650749904
1.0	1.5	1618.8455558165676
1.0	1.3	1614.1727522450944
1.0	1.8	1624.9567938101648
1.0	1.7000000000000002	1623.027242011301
1.0	1.4000000000000001	1616.57560373431
1.0	2.0	1628.5317270090504
1.0	1.6	1620.9929827425462
1.0	1.9000000000000001	1626.7893028618605
1.0	2.3000000000000003	1633.279014499901
1.0	2.4000000000000004	1634.719039191429
1.0	2.1	1630.1903940653806
1.0	2.6	1637.4125832005523
1.0	2.7	1638.6738542189337
1.0	2.2	1631.7710693330505
1.0	2.9000000000000004	1641.042495697741
1.0	2.5	1636.0955487323458
1.0	2.8000000000000003	1639.882776045341
1.1	0.1	1577.7119811246564
1.1	0.2	1576.0326295861018
1.0	3.0	1642.155916250275
1.1	0.0	1655.062649073143
1.1	0.6000000000000001	1590.1153987938758
1.1	0.4	1582.1791084358597
1.1	0.7000000000000001	1593.830274339761
1.1	0.30000000000000004	1578.6654923749447
1.1	0.9	1600.5734766955618
1.1	0.5	1586.1770235461788
1.1	1.1	1606.5207828822952
1.1	0.8	1597.3106462829169
1.1	1.3	1611.8008256656105
1.1	1.0	1603.6378290622865
1.1	1.2000000000000002	1609.237341726263
1.1	1.7000000000000002	1620.7464437235658
1.1	1.4000000000000001	1614.2231852881807
1.1	1.8	1622.7026004483707
1.1	1.5	1616.5152085832885
1.1	2.0	1626.3328158383626
1.1	1.6	1618.6866700331002
1.1	1.9000000000000001	1624.562490061315
1.1	2.4000000000000004	1632.6333520769701
1.1	2.2	1629.6287357643885
1.1	2.5	1634.0379478289617
1.1	2.1	1628.0196984734316
1.1	2.3000000000000003	1631.1650535528136
1.1	2.9000000000000004	1639.0941451544213
1.1	2.6	1635.382809876669
1.2000000000000002	0.0	1673.5699184327884
1.1	3.0	1640.233902007363
1.1	2.7	1636.6715932671095
1.1	2.8000000000000003	1637.9076677714631
1.2000000000000002	0.30000000000000004	1576.6058883594653
1.2000000000000002	0.1	1581.6793508354597
1.2000000000000002	0.2	1574.052117592684
1.2000000000000002	0.4	1580.0352052020505
1.2000000000000002	0.7000000000000001	1591.5516885855745
1.2000000000000002	0.5	1583.9752204075096
1.2000000000000002	0.9	1598.2595603294699
1.2000000000000002	0.6000000000000001	1587.8698519786983
1.2000000000000002	0.8	1595.00956856938
1.2000000000000002	1.3	1609.5048328639173
1.2000000000000002	1.1	1604.2046356687283
1.2000000000000002	1.0	1601.3193684317494
1.2000000000000002	1.5	1614.253604574086
1.2000000000000002	1.2000000000000002	1606.929055012424
1.2000000000000002	1.8	1620.5078562292722
1.2000000000000002	1.4000000000000001	1611.9430018815688
1.2000000000000002	2.0	1624.1880526875239
1.2000000000000002	1.6	1616.445810466083
1.2000000000000002	2.1	1625.9007379276268
1.2000000000000002	1.7000000000000002	1618.5280035406156
1.2000000000000002	1.9000000000000001	1622.3923934479744
1.2000000000000002	2.2	1627.5358694422757
1.2000000000000002	2.5	1632.023786383124
1.2000000000000002	2.3000000000000003	1629.0984274680789
1.2000000000000002	2.4000000000000004	1630.592993301657
1.2000000000000002	2.8000000000000003	1635.9709588280705
1.2000000000000002	2.6	1633.394696568388
1.2000000000000002	3.0	1638.3473797332488
1.2000000000000002	2.7	1634.7093146334773
1.2000000000000002	2.9000000000000004	1637.1826991065707
1.3	0.0	1691.2281301846792
1.3	0.30000000000000004	1574.656626776322
1.3	0.1	1589.6285800882272
1.3	0.2	1572.185574766612
1.3	0.6000000000000001	1585.7238619209
1.3	0.7000000000000001	1589.3696895251926
1.3	0.4	1577.9959362499746
1.3	0.8	1592.8014941578808
1.3	0.5	1581.8751951314712
1.3	0.9	1596.0347472269125
1.3	1.1	1601.9696630256728
1.3	1.3	1607.2825371906054
1.3	1.0	1599.0860225664023
1.3	1.6	1614.2687378901464
1.3	1.5	1612.0589103960233
1.3	1.2000000000000002	1604.698125010527
1.3	1.8	1618.3711745638516
1.3	1.4000000000000001	1609.7330315532931
1.3	1.7000000000000002	1616.3704037645196
1.3	2.1	1623.8324411974334
1.3	2.2	1625.491483027306
1.3	1.9000000000000001	1620.2777428496015
1.3	2.4000000000000004	1628.5971194501233
1.3	2.5	1630.0522824878128
1.3	2.0	1622.0962722176941
1.3	2.3000000000000003	1627.0782242777084
1.3	2.6	1631.4475170573505
1.3	2.7	1632.7863429672936
1.3	3.0	1636.4958014110548
1.4000000000000001	0.0	1707.1680636329386
1.3	2.8000000000000003	1634.0720200993671
1.4000000000000001	0.2	1570.4411733489137
1.3	2.9000000000000004	1635.3075710710573
1.4000000000000001	0.5	1579.8714561557133
1.4000000000000001	0.4	1576.0554748264208
1.4000000000000001	0.1	1600.3526866562072
1.4000000000000001	0.30000000000000004	1572.8115071704763
1.4000000000000001	0.8	1590.6826106848525
1.4000000000000001	0.7000000000000001	1587.279960777334
1.4000000000000001	1.0	1596.9347690111542
1.4000000000000001	0.6000000000000001	1583.6725350801978
1.4000000000000001	0.9	1593.8956526659924
1.4000000000000001	1.3	1605.131735304703
1.4000000000000001	1.1	1599.8131539894105
1.4000000000000001	1.4000000000000001	1607.5912800133442
1.4000000000000001	1.2000000000000002	1602.5421109561128
1.4000000000000001	1.6	1612.1538058170609
1.4000000000000001	1.5	1609.9293162306315
1.4000000000000001	1.7000000000000002	1614.272141960023
1.4000000000000001	2.1	1621.8137450655652
1.4000000000000001	1.9000000000000001	1618.2172805027037
1.4000000000000001	2.3000000000000003	1625.1035388583875
1.4000000000000001	1.8	1616.2911823955687
1.4000000000000001	2.0	1620.0563196002417
1.4000000000000001	2.5	1628.1226590313713
1.4000000000000001	2.2	1623.4945964632038
1.4000000000000001	2.8000000000000003	1632.2102258160253
1.4000000000000001	2.4000000000000004	1626.644892238854
1.4000000000000001	3.0	1634.6786211532371
1.4000000000000001	2.9000000000000004	1633.4681766854385
1.4000000000000001	2.6	1629.5405497124966
1.5	0.1	1611.882293012461
1.5	0.2	1569.181078937627
1.4000000000000001	2.7	1630.902006667348
1.5	0.30000000000000004	1571.0647519111844
1.5	0.0	1721.4655774828514
1.5	0.4	1574.208409061408
1.5	0.7000000000000001	1585.2783066254879
1.5	0.6000000000000001	1581.7111477209023
1.5	0.5	1577.9587626114105
1.5	0.8	1588.6491993681004
1.5	1.1	1597.7324479512574
1.5	0.9	1591.8389671439343
1.5	1.3	1603.050258949793
1.5	1.0	1594.862646978339
1.5	1.2000000000000002	1600.4586144688785
1.5	1.7000000000000002	1612.2317341709422
1.5	1.4000000000000001	1605.5157814739005
1.5	1.9000000000000001	1616.2097609515777
1.5	1.5	1607.8630361309472
1.5	2.0	1618.0670504545503
1.5	1.6	1610.0993877363633
1.5	1.8	1614.266521392791
1.5	2.4000000000000004	1624.735479709527
1.5	2.3000000000000003	1623.1734722686444
1.5	2.1	1619.8435960109514
1.5	2.2	1621.5442373740066
1.5	2.5	1626.234144293415
1.5	2.9000000000000004	1631.6639351131175
1.5	2.6	1627.6730774577804
1.5	3.0	1632.895295789691
1.5	2.7	1629.0556385579039
1.6	0.1	1624.103913938536
1.5	2.8000000000000003	1630.3849538222166
1.6	0.0	1734.705538054616
1.6	0.5	1576.1321255126695
1.6	0.30000000000000004	1569.4109535954271
1.6	0.7000000000000001	1583.360656263551
1.6	0.2	1569.869455822938
1.6	0.9	1589.861458285441
1.6	0.4	1572.4497440567682
1.6	1.1	1595.724937355764
1.6	1.0	1592.8667595872214
1.6	0.6000000000000001	1579.835148868928
1.6	1.2000000000000002	1598.4452802218455
1.6	0.8	1586.6976372506583
1.6	1.4000000000000001	1603.5046001641276
1.6	1.3	1601.035974787457
1.6	1.5	1605.8583089211277
1.6	1.6	1608.103877869386
1.6	2.0	1616.1273313169772
1.6	1.9000000000000001	1614.253951843542
1.6	1.7000000000000002	1610.2477128057933
1.6	1.8	1612.2958484323003
1.6	2.2	1619.6394423057354
1.6	2.4000000000000004	1622.8680560250068
1.6	2.1	1617.9209497076563
1.6	2.3000000000000003	1621.2871331214815
1.6	2.7	1627.2465747031815
1.6	2.5	1624.3859717817877
1.6	2.6	1625.844387535774
1.6	3.0	1631.1452850616604
1.6	2.8000000000000003	1628.5955855246573
1.7000000000000002	0.2	1573.2295207185944
1.6	2.9000000000000004	1629.8942687209178
1.7000000000000002	0.30000000000000004	1567.8450244149155
1.7000000000000002	0.0	1748.1191474588782
1.7000000000000002	0.1	1638.2940876183277
1.7000000000000002	0.7000000000000001	1581.5230669968455
1.7000000000000002	0.6000000000000001	1578.0401653165354
1.7000000000000002	0.4	1570.7749047371794
1.7000000000000002	0.8	1584.8243992599134
1.7000000000000002	0.5	1574.3868087114977
1.7000000000000002	1.1	1593.7880677802618
1.7000000000000002	0.9	1587.9599731625206
1.7000000000000002	1.3	1599.0867872441213
1.7000000000000002	1.0	1590.9442747386279
1.7000000000000002	1.5	1603.9133996318726
1.7000000000000002	1.2000000000000002	1596.4997971166945
1.7000000000000002	1.4000000000000001	1601.5558306460334
1.7000000000000002	1.6	1606.1656927921063
1.7000000000000002	1.7000000000000002	1608.3186298304959
1.7000000000000002	2.0	1614.2360404256037
1.7000000000000002	1.8	1610.377836164451
1.7000000000000002	1.9000000000000001	1612.3486339811532
1.7000000000000002	2.3000000000000003	1619.4436379252693
1.7000000000000002	2.1	1616.0447723900506
1.7000000000000002	2.6	1624.0537724569028
1.7000000000000002	2.5	1622.577380403675
1.7000000000000002	2.2	1617.7792557457844
1.7000000000000002	2.8000000000000003	1626.84150571152
1.7000000000000002	2.4000000000000004	1621.0418018199446
1.7000000000000002	3.0	1629.4280514817556
1.7000000000000002	2.7	1625.474156338967
1.7000000000000002	2.9000000000000004	1628.1586029059079
1.8	0.0	1761.220426025809
1.8	0.30000000000000004	1566.362148559347
1.8	0.4	1569.1797364883607
1.8	0.1	1653.2577068019584
1.8	0.6000000000000001	1576.322004638071
1.8	0.2	1579.6348886551987
1.8	0.9	1586.1314396247933
1.8	0.5	1572.718327599404
1.8	0.7000000000000001	1579.7617280207164
1.8	1.1	1591.9193409615427
1.8	0.8	1583.026060877805
1.8	1.3	1597.2006382417412
1.8	1.0	1589.0924274041788
1.8	1.2000000000000002	1594.6199005944202
1.8	1.4000000000000001	1599.667599877144
1.8	1.7000000000000002	1606.4430553359698
1.8	1.5	1602.0265991953308
1.8	1.9000000000000001	1610.4926020461285
1.8	1.6	1604.2832708245708
1.8	1.8	1608.5111728667
1.8	2.2	1615.9627313309045
1.8	2.0	1612.392067930715
1.8	2.1	1614.2140396775615
1.8	2.3000000000000003	1617.642110194587
1.8	2.6	1622.3005299230556
1.8	2.4000000000000004	1619.2559045245741
1.8	2.9000000000000004	1626.456366791738
1.8	2.5	1620.8076159176328
1.8	2.7	1623.7377291064254
1.9000000000000001	0.0	1773.3392470365438
1.8	2.8000000000000003	1625.122104243418
1.8	3.0	1627.743060798438
1.9000000000000001	0.30000000000000004	1564.9712711369373
1.9000000000000001	0.4	1567.660500030858
1.9000000000000001	0.1	1668.0317894911425
1.9000000000000001	0.5	1571.1224474422763
1.9000000000000001	0.2	1588.660281993739
1.9000000000000001	0.6000000000000001	1574.6766564355253
1.9000000000000001	0.7000000000000001	1578.0729630362166
1.9000000000000001	1.0	1587.3085212656988
1.9000000000000001	0.8	1581.299300598885
1.9000000000000001	1.2000000000000002	1592.8033739079078
1.9000000000000001	0.9	1584.3728680428965
1.9000000000000001	1.3	1595.3755100183946
1.9000000000000001	1.1	1590.1163159949965
1.9000000000000001	1.4000000000000001	1597.8380673865702
1.9000000000000001	1.7000000000000002	1604.6195797975874
1.9000000000000001	1.5	1600.1962268686354
1.9000000000000001	1.6	1602.455073889595
1.9000000000000001	2.1	1612.4277388490211
1.9000000000000001	1.9000000000000001	1608.6846652648273
1.9000000000000001	2.3000000000000003	1615.8816818795822
1.9000000000000001	2.2	1614.1889325330371
1.9000000000000001	1.8	1606.6945644094058
1.9000000000000001	2.4000000000000004	1617.5095586634427
1.9000000000000001	2.0	1610.594316881202
1.9000000000000001	2.5	1619.0759290075475
1.9000000000000001	2.9000000000000004	1624.7869938638762
1.9000000000000001	2.8000000000000003	1623.4367739603158
1.9000000000000001	2.7	1622.0366430548856
2.0	0.0	1784.3200525686623
1.9000000000000001	2.6	1620.5839630795704
1.9000000000000001	3.0	1626.0897824643464
2.0	0.30000000000000004	1563.832803280799
2.0	0.1	1681.875060735658
2.0	0.2	1598.702263191505
2.0	0.6000000000000001	1573.1002947018783
2.0	0.7000000000000001	1576.453233588452
2.0	0.4	1566.2138522012556
2.0	0.5	1569.5951809140663
2.0	0.8	1579.640901491223
2.0	0.9	1582.6813527293673
2.0	1.2000000000000002	1591.0480484561197
2.0	1.0	1585.5899291853734
2.0	1.4000000000000001	1596.0654270501311
2.0	1.1	1588.376609560821
2.0	1.6	1600.6795883257732
2.0	1.3	1593.6094252103167
2.0	1.8	1604.92673354092
2.0	1.5	1598.420630184001
2.0	2.0	1608.8417021161351
2.0	1.7000000000000002	1602.8468138393466
2.0	1.9000000000000001	1606.9236478487776
2.0	2.3000000000000003	1614.161493490398
2.0	2.1	1610.6848675412816
2.0	2.2	1612.4569314995533
2.0	2.4000000000000004	1615.8019661297426
2.0	2.7	1620.3702535608713
2.0	2.5	1617.3815782618863
2.0	2.6	1618.903380748876
2.0	3.0	1624.4676889650123
2.0	2.8000000000000003	1621.7849133138861
2.1	0.2	1609.5869079826516
2.1	0.1	1694.6408793678913
2.0	2.9000000000000004	1623.1499204570039
2.1	0.0	1794.0040833416417
2.1	0.30000000000000004	1563.5649389330858
2.1	0.4	1564.8368048214845
2.1	0.7000000000000001	1574.8991403922719
2.1	0.5	1568.1327848323613
2.1	0.6000000000000001	1571.5892761308837
2.1	1.0	1583.9340952603864
2.1	0.8	1578.0477536233545
2.1	0.9	1581.0540733508194
2.1	1.3	1591.9004483947333
2.1	1.1	1586.697898649746
2.1	1.6	1598.9553247891195
2.1	1.5	1596.698186284964
2.1	1.2000000000000002	1589.3518063816682
2.1	1.7000000000000002	1601.123389318962
2.1	1.4000000000000001	1594.3479077815423
2.1	1.8	1603.2064213082622
2.1	1.9000000000000001	1605.2083895628605
2.1	2.2	1610.7658113961609
2.1	2.0	1607.1331530418431
2.1	2.4000000000000004	1614.1323364362534
2.1	2.1	1608.9844357979696
2.1	2.6	1617.2580976466982
2.1	2.3000000000000003	1612.4806943677129
2.1	2.9000000000000004	1621.5445875620633
2.1	2.5	1615.7238275637978
2.1	3.0	1622.8762562824509
2.1	2.7	1618.7379215840626
2.2	0.1	1706.5285718698535
2.1	2.8000000000000003	1620.16592428612
2.2	0.30000000000000004	1564.7499468641213
2.2	0.4	1563.5266509835694
2.2	0.0	1802.6485882686047
2.2	0.6000000000000001	1570.1401396321703
2.2	0.2	1620.7502182521685
2.2	0.8	1576.516855181205
2.2	0.5	1566.7317575155214
2.2	1.0	1582.3385345753104
2.2	0.7000000000000001	1573.4074250850208
2.2	0.9	1579.4882957203777
2.2	1.2000000000000002	1587.712580681314
2.2	1.4000000000000001	1592.6837749192853
2.2	1.1	1585.077920213241
2.2	1.6	1597.2808200965396
2.2	1.3	1590.2466877739007
2.2	1.9000000000000001	1603.537745813942
2.2	1.5	1595.0273027406201
2.2	2.0	1605.4676118361608
2.2	1.7000000000000002	1599.4479597483473
2.2	2.2	1609.1146651413283
2.2	1.8	1601.5323873760644
2.2	2.1	1607.325464684344
2.2	2.3000000000000003	1610.8384423817372
2.2	2.4000000000000004	1612.4998871295143
2.2	2.7	1617.139012500589
2.2	2.5	1614.1019486277835
2.2	2.9000000000000004	1619.9704407268448
2.2	2.6	1615.6474345806578
2.2	2.8000000000000003	1618.5792144954432
2.2	3.0	1621.3149648044491
2.3000000000000003	0.30000000000000004	1568.1343909341422
2.3000000000000003	0.0	1810.4680165921159
2.3000000000000003	0.2	1631.9796795641607
2.3000000000000003	0.5	1565.3888378431752
2.3000000000000003	0.1	1717.7554198954103
2.3000000000000003	0.8	1575.045314046256
2.3000000000000003	0.4	1562.2763141935066
2.3000000000000003	0.6000000000000001	1568.7496031619676
2.3000000000000003	1.0	1580.8008348557485
2.3000000000000003	0.7000000000000001	1571.9749706717396
2.3000000000000003	1.2000000000000002	1586.1283564104926
2.3000000000000003	0.9	1577.9813726186835
2.3000000000000003	1.1	1583.5144725069028
2.3000000000000003	1.3	1588.6462945943244
2.3000000000000003	1.6	1595.6546371123472
2.3000000000000003	1.4000000000000001	1591.071330435619
2.3000000000000003	1.5	1593.4064184410156
2.3000000000000003	1.9000000000000001	1601.9105885349347
2.3000000000000003	2.0	1603.8440354567122
2.3000000000000003	1.7000000000000002	1597.8192013707292
2.3000000000000003	2.2	1607.502596407055
2.3000000000000003	1.8	1599.9034104383443
2.3000000000000003	2.4000000000000004	1610.9038439257772
2.3000000000000003	2.1	1605.7069881698342
2.3000000000000003	2.3000000000000003	1609.233905165075
2.3000000000000003	2.5	1612.5152203202824
2.3000000000000003	2.8000000000000003	1617.0241960143182
2.3000000000000003	2.6	1614.070718633033
2.3000000000000003	2.7	1615.5728981777463
2.4000000000000004	0.0	1817.9023223684103
2.3000000000000003	2.9000000000000004	1618.4269290872494
2.3000000000000003	3.0	1619.783298238965
2.4000000000000004	0.30000000000000004	1574.1933134131198
2.4000000000000004	0.1	1729.2991684727583
2.4000000000000004	0.2	1644.040883445697
2.4000000000000004	0.6000000000000001	1567.4145599085589
2.4000000000000004	0.4	1561.1576112377354
2.4000000000000004	0.5	1564.1010063987212
2.4000000000000004	0.9	1576.5307445956262
2.4000000000000004	1.0	1579.318655707817
2.4000000000000004	0.7000000000000001	1570.5988014176799
2.4000000000000004	1.2000000000000002	1584.597170756198
2.4000000000000004	0.8	1573.6303479659025
2.4000000000000004	1.4000000000000001	1589.5089142512197
2.4000000000000004	1.1	1582.0054153908604
2.4000000000000004	1.6	1594.0753661633546
2.4000000000000004	1.3	1587.0974653624578
2.4000000000000004	1.5	1591.834004080669
2.4000000000000004	1.9000000000000001	1600.3258071239547
2.4000000000000004	1.7000000000000002	1596.2358130468347
2.4000000000000004	1.8	1598.3182889185819
2.4000000000000004	2.0	1602.261395097038
2.4000000000000004	2.4000000000000004	1609.343440569023
2.4000000000000004	2.1	1604.128052531467
2.4000000000000004	2.6	1612.5272833446252
2.4000000000000004	2.2	1605.9287202864375
2.4000000000000004	2.7	1614.0389556270584
2.4000000000000004	2.3000000000000003	1607.6662600316936
2.4000000000000004	2.5	1610.9629284527691
2.4000000000000004	2.8000000000000003	1615.5002860617026
2.5	0.0	1825.3185012383567
2.4000000000000004	2.9000000000000004	1616.9135068456676
2.5	0.2	1656.3184576406422
2.4000000000000004	3.0	1618.2807444389587
2.5	0.5	1562.865493720687
2.5	0.4	1560.6266114031973
2.5	0.1	1740.7843969501241
2.5	0.7000000000000001	1569.2760808984665
2.5	0.30000000000000004	1582.0824216436076
2.5	1.0	1577.8897297168526
2.5	0.6000000000000001	1566.1320735450026
2.5	1.2000000000000002	1583.117114269266
2.5	0.8	1572.2692856375202
2.5	1.3	1585.5984417670727
2.5	0.9	1575.1339398205646
2.5	1.1	1580.5486700317101
2.5	1.4000000000000001	1587.9949052560887
2.5	1.7000000000000002	1594.696517911633
2.5	1.8	1596.7758416997817
2.5	1.5	1590.308563052785
2.5	2.0	1600.718677539591
2.5	1.6	1592.5416252824737
2.5	2.2	1604.3921625367384
2.5	1.9000000000000001	1598.7823075104473
2.5	2.1	1602.587717324169
2.5	2.3000000000000003	1606.1346939565376
2.5	2.6	1611.0164697117248
2.5	2.7	1612.5365685790143
2.5	2.4000000000000004	1607.8179200222316
2.5	2.5	1609.4443669731052
2.5	3.0	1616.8067956212044
2.5	2.9000000000000004	1615.4296328963844
2.6	0.1	1751.8637839657226
2.5	2.8000000000000003	1614.0069073891532
2.6	0.30000000000000004	1592.0789541357883
2.6	0.0	1832.3683732587956
2.6	0.6000000000000001	1564.8993727178772
2.6	0.2	1668.5315424053383
2.6	0.7000000000000001	1568.0041113124398
2.6	0.4	1560.8530460325883
2.6	0.9	1573.7885750842422
2.6	0.5	1561.6804569788872
2.6	0.8	1570.9595664978854
2.6	1.3	1584.1475113072902
2.6	1.2000000000000002	1581.686330563448
2.6	1.1	1579.1422196094202
2.6	1.0	1576.5118613742345
2.6	1.5	1588.8286323790599
2.6	1.7000000000000002	1593.200062633307
2.6	1.8	1595.2749080316828
2.6	1.4000000000000001	1586.5277207925772
2.6	2.0	1599.2148841724552
2.6	1.6	1591.0520607332521
2.6	1.9000000000000001	1597.2790141333758
2.6	2.3000000000000003	1604.6384040371909
2.6	2.4000000000000004	1606.3265341597871
2.6	2.1	1601.0850554659771
2.6	2.2	1602.8920613374805
2.6	2.6	1609.5376245611887
2.6	2.8000000000000003	1612.5434881442875
2.6	2.5	1607.9588373766421
2.6	2.7	1611.0651260935972
2.7	0.0	1838.963693029427
2.6	2.9000000000000004	1613.9747709402384
2.6	3.0	1615.3609483007858
2.7	0.30000000000000004	1603.9247491938465
2.7	0.1	1762.464976199327
2.7	0.2	1680.5396248426514
2.7	0.6000000000000001	1563.713845292691
2.7	0.4	1562.0813785293537
2.7	0.5	1560.5940823532842
2.7	0.9	1572.492354790641
2.7	0.7000000000000001	1566.7803297149696
2.7	0.8	1569.6987397163018
2.7	1.2000000000000002	1580.3030164576876
2.7	1.0	1575.1829279842027
2.7	1.1	1577.7841083991686
2.7	1.5	1587.3927827615928
2.7	1.6	1589.6053476126099
2.7	1.3	1582.7430073797227
2.7	1.4000000000000001	1585.1058184558312
2.7	2.0	1597.749032793186
2.7	1.8	1593.8143485231576
2.7	2.2	1601.427566260005
2.7	2.1	1599.6191532271584
2.7	1.7000000000000002	1591.7452192325497
2.7	2.3000000000000003	1603.176598188002
2.7	1.9000000000000001	1595.8148694433773
2.7	2.5	1606.5056493483223
2.7	2.4000000000000004	1604.8685437051226
2.7	2.6	1608.0901026286622
2.7	2.8000000000000003	1611.1094619809992
2.7	3.0	1613.9427033914744
2.7	2.7	1609.624023943835
2.8000000000000003	0.1	1772.511364561379
2.7	2.9000000000000004	1612.5483895896225
2.8000000000000003	0.0	1845.1093103523406
2.8000000000000003	0.4	1564.5966599250605
2.8000000000000003	0.2	1692.0997410927112
2.8000000000000003	0.30000000000000004	1615.5403946904462
2.8000000000000003	0.8	1568.4844639680325
2.8000000000000003	0.7000000000000001	1565.602305738059
2.8000000000000003	0.5	1559.9312320330805
2.8000000000000003	0.6000000000000001	1562.5730313249949
2.8000000000000003	0.9	1571.2430717171003
2.8000000000000003	1.2000000000000002	1578.9654215690518
2.8000000000000003	1.0	1573.9008785814435
2.8000000000000003	1.4000000000000001	1583.7276950983025
2.8000000000000003	1.1	1576.472442097633
2.8000000000000003	1.6	1588.2001904453703
2.8000000000000003	1.7000000000000002	1590.3307842472886
2.8000000000000003	1.3	1581.3833095000318
2.8000000000000003	1.5	1585.999619008348
2.8000000000000003	1.8	1592.39304567811
2.8000000000000003	2.1	1598.1891113542697
2.8000000000000003	1.9000000000000001	1594.388834342754
2.8000000000000003	2.3000000000000003	1601.7484948149895
2.8000000000000003	2.0	1596.3201570993226
2.8000000000000003	2.2	1599.9978392398866
2.8000000000000003	2.4000000000000004	1603.443218866665
2.8000000000000003	2.7	1608.212664641793
2.8000000000000003	2.5	1605.0841208799377
2.8000000000000003	2.6	1606.67326576428
2.9000000000000004	0.0	1850.7458783004788
2.8000000000000003	2.9000000000000004	1611.149962464964
2.8000000000000003	2.8000000000000003	1609.7042681587604
2.9000000000000004	0.2	1703.2125530347182
2.9000000000000004	0.30000000000000004	1627.6973072507333
2.8000000000000003	3.0	1612.5515662967975
2.9000000000000004	0.1	1781.9609012722658
2.9000000000000004	0.7000000000000001	1564.4677366174085
2.9000000000000004	0.5	1559.878187583847
2.9000000000000004	0.4	1568.3275255428553
2.9000000000000004	0.9	1570.0386056829818
2.9000000000000004	0.6000000000000001	1561.4734917948776
2.9000000000000004	1.1	1575.2053866018452
2.9000000000000004	0.8	1567.3145054311017
2.9000000000000004	1.3	1580.0668432583482
2.9000000000000004	1.0	1572.6637336861422
2.9000000000000004	1.4000000000000001	1582.391888125448
2.9000000000000004	1.2000000000000002	1577.6718482596561
2.9000000000000004	1.7000000000000002	1588.9555803635228
2.9000000000000004	1.8	1591.009903533791
2.9000000000000004	1.5	1584.64778074966
2.9000000000000004	1.9000000000000001	1592.9998888934895
2.9000000000000004	1.6	1586.8353239824944
2.9000000000000004	2.1	1596.7940446013913
2.9000000000000004	2.0	1594.9273072354126
2.9000000000000004	2.2	1598.6020546067557
2.9000000000000004	2.5	1603.6935783698482
2.9000000000000004	2.3000000000000003	1600.353323192074
2.9000000000000004	2.8000000000000003	1608.3273525445052
2.9000000000000004	2.4000000000000004	1602.049839690125
2.9000000000000004	3.0	1611.1870475047451
2.9000000000000004	2.9000000000000004	1609.7789692023048
2.9000000000000004	2.6	1605.286483291359
3.0	0.1	1790.848661109694
2.9000000000000004	2.7	1606.8304567604634
3.0	0.0	1855.933920106722
3.0	0.4	1573.7610140119275
3.0	0.2	1713.7604763813529
3.0	0.6000000000000001	1560.3510312339588
3.0	0.30000000000000004	1639.2805920140702
3.0	0.8	1566.1867358382979
3.0	0.5	1560.6193059146567
3.0	0.7000000000000001	1563.3744438657952
3.0	1.2000000000000002	1576.4206507637882
3.0	1.1	1573.9811678024191
3.0	1.0	1571.469584909684
3.0	1.3	1578.7920798444331
3.0	0.9	1568.8769235623959
3.0	1.5	1583.335942298805
3.0	1.4000000000000001	1581.0969745040443
3.0	1.8	1589.6638486723004
3.0	1.6	1585.5095122819412
3.0	2.1	1595.4330822743054
3.0	2.0	1593.5695500871307
3.0	1.7000000000000002	1587.6184556718144
3.0	2.3000000000000003	1598.99032392444
3.0	1.9000000000000001	1591.6470327230716
3.0	2.6	1603.9291323106215
3.0	2.2	1597.239400000764
3.0	2.7	1605.4768163836804
3.0	2.4000000000000004	1600.687695723257
3.0	2.9000000000000004	1608.4348938164594
3.0	2.5	1602.3333573038426
3.0	2.8000000000000003	1606.978166226936
3.0	3.0	1609.8486617443439
